2
3
1280
720
30
2000

7
0
xyas
0
640
0
0
100

7
0
xyas
100
0
0
0
100

7
0
xyas
200
580
320
0
0


7
0
xyas
500
640
360
0
25

7
0
xyas
1000
640
360
0
100

7
0
xyas
2000
640
360
0
100

7
0
xyas
2500
640
360
0
100

6
0
1
../Shia LaBeouf Just Do it!  ___日本語字幕___ シャイア・ラブーフの激励.mp4

2

7
1
xyas
0
0
720
0
20

7
1
xyas
30
1040
360
0
40

7
1
xyas
2000
1280
0
0
20

6
1
2
../mamushi.jpg


2

7
2
xyas
0
0
0
0
250

7
2
xyas
2000
1280
720
0
100

6
2
3
みなさんこんにちは
40
0
10
0
1
0
255
255
255

6
2

0
1
3
0
255
0

6
2

3
4
3
255
20
0

5
dekitahazu.mp4
1

